data=[
81298.1321	10561.6384	14669.9224	126275.2516	-1249.322284	55887.053	12132.700	18956.952	14246.406	15977.171	4995.347	28230.6953	131.3067	0.0747
84021.6334	11326.5509	14795.1233	125564.7562	-1174.512402	57496.014	12497.571	19464.018	14659.215	17522.008	5524.762	28360.2597	128.7133	0.0722
85176.4649	11875.8886	15127.6662	127031.2602	-1107.397039	58693.709	12547.779	19594.462	15157.630	17929.965	5773.448	28490.8023	127.4900	0.0698
87461.7695	12384.5880	15852.0259	132880.4093	-277.1665468	60687.445	12650.794	20814.827	14770.497	19109.730	5777.443	28624.8403	126.1000	0.0639
89958.3036	12857.3776	16326.2964	137188.2621	-304.5134759	62244.783	13474.508	20717.311	15497.707	18426.153	5837.620	28758.1897	124.9333	0.0604
93316.9826	13164.0192	16791.5106	143462.6632	-415.7238091	64262.196	13660.972	22649.113	17584.865	21404.728	6790.298	28891.4470	134.6967	0.0601
97880.3081	16134.0091	17534.2952	141471.0372	1738.003012	66297.470	14153.327	25129.385	18156.042	22848.449	7059.640	29032.7647	134.9933	0.0643
100448.4057	14860.2579	18241.2441	143992.1373	1172.066035	68086.454	14600.997	25591.234	17544.143	22654.014	6439.443	29157.1483	128.0467	0.0662
103452.7615	16138.0320	18357.7189	141636.4418	1308.86393	70106.978	14873.366	27783.776	16853.011	22304.741	6151.177	29288.9030	122.1633	0.0704
104457.0493	16789.1855	18398.1040	142986.3337	2254.498775	72021.302	15123.510	27576.330	16116.676	21602.105	5784.471	29418.5870	111.3700	0.0769
108584.1270	16339.9311	19675.6333	144686.4007	245.3292052	73928.261	15886.750	26574.357	18164.607	22527.924	6805.822	29559.4010	113.7033	0.0857
112012.0622	16072.9632	21244.4595	141991.2315	-251.1655613	75454.884	16226.653	27573.720	20497.234	23883.182	7701.530	29688.0363	116.1067	0.0875
115114.8534	21541.9804	21549.1388	144620.8547	2258.103394	76961.936	16138.733	28159.257	21546.168	22866.455	8455.001	29814.7680	109.6900	0.0934
116970.7030	17111.2369	20374.2320	148316.5032	614.7886164	78700.836	16545.852	28184.192	21000.418	23185.001	9238.120	29942.7387	101.3633	0.0971
122539.5419	17607.7429	20516.6208	153913.1831	409.4903998	81129.521	16509.033	30661.319	23613.510	25703.897	11329.095	30101.6137	108.2000	0.0983
121928.9018	20364.3956	22179.5930	159660.3049	1992.460798	82710.958	16998.037	31777.600	21830.641	30553.831	9652.784	30239.4063	120.6133	0.1009
121151.9700	18352.9256	23784.9904	178388.7336	-1788.752662	83503.287	17647.493	29440.514	21306.112	26093.877	7917.863	30376.4827	122.4433	0.0895
124043.0864	19819.2626	24712.6183	172411.1649	-768.4668245	84184.079	18087.201	30452.045	20726.731	23289.560	9027.758	30513.7197	116.0200	0.0628
127398.4204	20075.2499	24557.2267	166974.6947	-910.4853147	84915.090	18618.493	29860.759	20213.801	22443.015	9624.871	30649.1003	108.0367	0.0504
128980.5232	19069.0247	23700.5621	176684.1199	-277.4941697	86111.350	18783.462	30458.529	21259.879	23831.776	10663.508	30789.6063	107.4800	0.0431
131576.8554	19734.3763	24360.7112	177505.2951	-1040.499342	88259.810	19191.563	30700.125	21195.486	22946.962	10769.429	30959.6530	102.6133	0.0399
134545.2921	16946.1256	23987.5873	184950.7936	-4293.725812	89661.678	19572.358	31840.860	22855.465	24361.080	11970.825	31098.2063	101.2033	0.0370
136777.3198	19137.3584	22709.1738	185706.3605	544.4968289	91885.714	19991.564	32057.558	21847.067	24763.851	11360.192	31234.8287	96.1233	0.0350
141160.5327	19024.4800	22581.0617	190270.8628	1055.803412	94244.306	20410.862	33778.677	24194.795	26962.765	13004.555	31374.6690	100.2400	0.0346
147902.2446	20808.4059	23078.1089	195644.0524	1840.241179	96721.591	21030.156	36162.695	27285.254	28515.151	14589.579	31512.4177	100.8700	0.0351
152732.3195	25760.0146	25755.9207	190644.6430	1012.605424	100217.293	21705.338	36701.431	30394.683	31045.558	18297.705	31648.4230	98.7067	0.0391
156698.4803	23473.1137	27983.2701	202888.5712	1072.596402	102664.028	22247.162	38635.867	29907.733	32035.703	17668.914	31782.8263	98.2333	0.0444
161689.9557	23073.2217	28985.4638	207809.4534	302.2667428	105891.277	22503.684	38449.569	33470.513	35209.849	19991.802	31918.4673	102.6867	0.0497
164465.9401	22338.7365	28058.9691	209582.4760	-258.2392423	107922.048	23052.876	38899.400	32135.418	33064.250	18399.465	32052.3923	96.1800	0.0525
166248.0076	35122.8782	27753.8987	210639.3200	6672.778069	109873.432	23653.811	40021.778	31836.059	33303.300	19661.125	32184.7960	94.4600	0.0546
165767.1439	24952.9480	30569.7179	213269.2865	540.8637904	112167.124	24066.273	38448.774	31163.004	34444.616	17348.082	32315.1570	95.1067	0.0539
170025.9083	21520.8669	32276.8641	213923.7307	-2804.653448	113705.679	24586.674	38226.106	32022.605	34404.456	19148.329	32446.7470	96.5967	0.0532
171427.2487	28522.0368	31552.5529	221566.2494	2024.163086	115945.353	25517.853	39471.551	31635.965	33833.716	17677.558	32576.3727	95.5667	0.0484
178669.8114	32628.1263	31965.9700	226766.0359	537.1185511	118069.887	26984.556	41486.569	33051.390	35535.988	18800.708	32705.0703	98.4767	0.0404
181403.2234	26452.6297	34071.8621	242476.0961	-2013.693144	119509.139	27333.080	44541.656	32686.044	36956.889	18567.398	32831.9760	100.1800	0.0404
182592.7165	31179.6440	36964.1675	244714.2418	-1699.838152	121270.395	27183.644	45350.975	34549.349	37548.474	18294.336	32961.6343	101.1900	0.0404
187782.3830	30498.0451	37575.2931	260176.8317	-1108.798596	123576.616	28308.104	48379.079	31873.358	38264.558	16757.171	33327.6433	105.0333	0.0396
188842.4896	30436.9312	37433.7280	258300.5550	-4497.208346	126543.036	27661.751	49608.456	32105.525	39149.968	15860.830	33456.5323	100.0967	0.0385
192123.6423	30720.2493	36028.7118	266083.9189	-369.2352678	128366.891	28504.812	48174.311	32563.959	39136.255	16218.124	33582.4880	99.3267	0.0412
194154.4851	34034.3472	35806.1186	285400.2968	1273.99008	131979.735	31449.903	49162.131	32775.112	44567.502	15437.874	33713.0193	110.2733	0.0434
195555.6962	28965.2833	37524.3980	302522.8068	-2090.35978	134511.573	30956.162	49753.660	30077.989	42885.818	11743.348	33843.6010	117.6800	0.0444
197437.3271	33084.9400	38253.3129	311441.4496	-923.9873161	137806.257	31520.135	49317.755	31976.541	42849.057	11954.867	33975.4683	116.9367	0.0444
205089.7094	32723.9396	39381.5524	337960.6516	-1214.176633	141521.106	33647.203	53841.164	32871.329	50006.080	12511.657	34107.3967	135.5133	0.0447
206609.2672	33743.5101	39267.5408	330715.6359	-1798.655877	144858.032	31626.731	53115.549	33798.048	49375.317	11417.128	34246.8980	137.3667	0.0496
210516.7304	31031.7044	40004.7912	344682.1764	-1647.403718	148105.284	32362.699	54080.530	32593.738	48375.927	9012.549	34388.2520	141.2433	0.0611
214413.7336	34407.7879	41733.1369	347058.4949	-2593.634779	150149.539	33613.180	54791.449	30392.703	46090.724	9734.906	34530.5100	129.1133	0.0680
217085.6195	28628.5057	40349.0131	353290.3455	-5132.915784	152562.797	33872.324	53479.865	31008.651	45676.932	10287.442	34669.8760	126.0533	0.0721
221765.9165	33297.7080	40036.2957	366222.4252	-2270.032352	153902.036	34957.998	54273.201	36392.217	47973.253	11964.103	34815.7017	127.5600	0.0701
225200.1911	30913.7442	43534.6364	376351.7563	-4919.021882	156266.737	35500.185	55111.926	34023.627	46530.338	10800.682	34964.3950	121.9300	0.0679
227957.8516	36220.1524	44585.4435	383705.3330	-304.6052549	159382.210	36311.234	54380.318	34813.341	46457.213	10998.334	35118.4977	122.0333	0.0622
232056.2317	40319.7155	43490.8331	394333.0372	2637.286883	161053.687	37063.048	54611.223	34831.267	47048.223	11863.311	35279.3130	126.3467	0.0558
235256.7256	35226.1802	42724.5279	399487.8506	-3725.424813	162930.316	38442.958	55516.550	39349.855	47860.174	13875.674	35456.5787	127.1867	0.0536
240640.3825	34968.6659	44836.2349	406162.1657	-2749.552983	167149.812	39405.269	55105.930	38790.989	47539.585	13035.702	35646.7303	121.5333	0.0510
245178.3827	35173.4048	47386.3399	426917.4900	-4685.132824	170405.975	40530.592	57445.928	38030.434	50277.975	14187.111	35852.5650	117.8367	0.0473
